39196.9353021875
39204.9359445486
39197.0049770255
42852.4186563194
42852.4195386574
42852.4211514352
39205.6307721991
39206.5962159954
39217.5041393519
39225.2825896991
39244.9213353588
39248.6197046759
39266.5281036574
39275.7307550231
39280.8214925116
39292.5700933102
39300.4888581366
39307.9607195718
39320.3984228472
39334.4372316204
39341.516831412
39352.4568856597
39363.5429390857
39395.5489359028
39415.4515718982
39424.8019930903
39442.5095780787
39449.5110447338
39456.5342708333
39463.5453982176
39470.590696794
39477.5947516898
39480.9424662384
39488.6309362268
39495.732322581
39511.857791331
38220.6920851389
39520.9558034838
39528.4103108681
39530.8937009838
39533.9032817824
39594.9660696875
39534.8358407407
39542.860703125
39542.8715605093
39549.9300603935
39557.4513660995
39564.4526569676
39571.464192338
39578.4651175463
39585.5619688542
39592.6238259491
39600.5948061343
39605.7115369907
39614.5731260069
39621.5887893403
39628.5906349421
39635.6653616898
39642.8524356134
39649.8852627662
39662.8910762037
39700.8954224537
39708.0015878125
39715.6652350926
39725.6018294213
39734.375136169
39738.9019822338
39738.9020748264
39745.908062419
39761.3792558218
39768.3997603704
39775.4431099884
39782.6925902315
39790.8392739005
39798.6678983218
39806.7080562732
39813.8612838079
39822.485539456
39096.4098034144
39830.9036792824
39109.3722674306
39844.7699321759
39088.3871889468
39857.6671844213
39241.6519643287
39863.4081908218
39870.4550242245
39877.4558857755
39884.4844802431
39141.9721100926
39885.3908439931
39507.3715514583
39507.3678819444
39888.9500616667
39888.6242136806
39895.6347958218
39902.6590722569
39910.8991467708
39920.6428577083
39927.6437143634
39930.6656716551
39937.6795118981
39936.7059031366
39944.4295684954
39951.7405839468
39958.765165463
39965.8174292824
39972.862037037
39972.3969910995
39979.4113295718
39982.7512630208
39982.7529090625
39992.4103987616
40002.4120155093
40001.5135047685
39977.7473663542
40010.6741247106
40013.9535394907
40023.9110358796
40022.3561226852
40029.4449041435
39670.5204918981
40035.5531790625
40072.549992037
38123.7814312037
40040.8630712847
40051.4284002431
40058.4558713079
40065.521982963
40072.539260162
40079.9225754051
40090.6276269444
40090.6278833912
40099.4222578472
40107.4872506134
40114.9531098032
40122.8607022106
40130.5134543171
40137.9100005324
40144.9556079977
40152.4330061806
40161.9298636343
40169.4399329051
40176.5657096644
40183.6031106018
40190.6824611111
40198.4475019792
40110.3751294792
40201.4915246991
40209.7966639468
40216.8073240278
40216.7926439468
40586.4922166088
40223.655383206
40228.4020041204
40236.3776141088
40243.448026794
40254.6689087732
40250.6663859954
40258.0354830324
40265.388224456
40275.5366963194
40282.6075453819
40290.5603313079
40298.397456412
40305.7360069444
40312.9058074653
40320.7269476968
40328.437488206
40338.775371088
40347.6303622222
40354.6706665856
40362.3612717014
40371.4382335069
40379.681604456
40387.4149998148
40394.4160645602
40439.3633895718
40401.4101160995
40411.5770146065
40420.6538248611
40427.6829175694
40434.9164082292
40442.5112024306
40449.8058523148
40456.8663509028
40464.3870757292
40471.3950933102
40478.4828311227
40479.8576075926
40486.6354349306
40493.6412606597
40492.6552721644
40500.9484239352
40515.4991304977
40522.9390992014
