39204.9419133333
39197.0050023495
42852.4186711458
39205.6307892014
39225.2826269444
39244.9213662732
39266.5281512153
39282.4640552662
39298.6021905671
39300.5779276968
39320.3984783681
39335.5105929861
39352.4568961574
39369.4678739815
39395.5489841898
39415.4516540046
39442.5096359491
39460.5625177199
39475.8625826389
39490.9366055324
39511.8578025463
38220.6920918287
39520.9558123495
39594.9660758449
39534.8358653356
39549.8400140972
39565.423460463
39580.4497401157
39592.7105041898
39592.7105472338
39607.7131089005
39622.7964236111
39637.8136109259
39652.8938395139
39700.8954385417
39716.8106448843
39734.3751600463
39761.3792771528
39776.5563404167
39791.6917328472
39806.7080747222
39822.4855635069
39096.4098265625
39830.9037183449
39109.3723573032
39844.7699397685
39088.3872102778
39857.6671978009
39241.6519869329
39863.4082000463
39878.4810015162
39141.9721240162
39885.3908552083
39507.3715585185
39507.3678922454
39888.9500759491
39888.6242272454
39904.7958900694
39920.6428917014
39935.7102813889
39951.740606007
39966.824212963
39981.8928385417
39982.7499907755
39988.8099972801
40004.6734610069
39977.7476831944
40010.6741529167
40025.7034519676
39670.5205852083
40035.5532948032
40072.5501016319
38123.7815496528
40040.863160625
40057.6795540278
40072.6917838542
40090.6276537153
40107.487281169
40122.8607711227
40137.910022419
40153.4134479861
40168.6865827199
40183.7348982523
40199.385683588
40110.3751596759
40201.4915447685
40216.5032400116
40586.4922468171
40223.6554295023
40238.6890333796
40254.6689422338
40250.6664306597
40265.9295681366
40281.3951027662
40296.6120709028
40312.4898292824
40328.4375357639
40347.6303871875
40362.751344213
40377.7568455208
40392.8703508333
40439.3635376852
40401.4102786806
40416.4144185532
40434.3527359954
40449.3863787616
40464.3871039468
40479.4019231019
40496.7777457639
40515.4991785995
